{"camera6_int": 917.8118979592218, "camera1_int": 917.9176463838902, "camera1_camera6": [917.9176463838902, 917.8118979592218, 0.7830622624548026, 0.054469706220946434, -0.1330820430324339, -4.809626966609956, 4.524882838038481, 4.511417207257065], "camera2_int": 920.0421223656792, "camera1_camera2": [919.1360312741131, 920.0421223656792, 0.2570237379351983, -0.6140045221011885, 2.2889637452464004, 4.005541164082174, 0.006720419786712521, -0.0006437859137160359], "camera1_camera2_ext_camera_csys": [[-0.7062730525794972, -0.7079375029004245, 0.001693277044797603, 4.005541164082174], [0.6120485316174129, -0.6118080493691516, -0.5010863255688411, 0.006720419786712521], [0.35577376258657367, -0.35286740103645936, 0.8653956477477616, -0.0006437859137160359]], "camera2_camera1_ext_camera_csys": [[-0.706273052579497, 0.6120485316174128, 0.3557737625865735, 2.825121604263661], [-0.7079375029004243, -0.6118080493691516, -0.3528674010364592, 2.839557245323647], [0.00169327704479751, -0.501086325568841, 0.8653956477477607, -0.002857850920116966]], "camera3_int": 916.6308586243832, "camera6_camera3": [917.9117239168423, 916.6308586243832, -0.10982578828310528, -1.5199260746837853, 1.982620302090761, 8.015074069068639, 6.916189804315861, 3.9962864145501733], "camera1_camera3_ext_camera_csys": [[-0.706029540311602, -0.7081822957546173, -0.000352401912255329, 8.002797397575097], [0.6133462814102396, -0.6112329043671065, -0.5002006354446017, -0.008778517257901797], [0.354017834702744, -0.3533725691089669, 0.8659094641552947, -0.004291606484901261]], "camera3_camera1_ext_camera_csys": [[-0.7060295403116019, 0.6133462814102393, 0.35401783470274384, 5.657114943968442], [-0.7081822957546173, -0.6112329043671062, -0.3533725691089668, 5.660557178865051], [-0.00035240191225524277, -0.5002006354446014, 0.8659094641552942, 0.002145323867339286]], "camera4_int": 918.589568453335, "camera1_camera4": [918.6583961817315, 918.589568453335, 0.16455749998556476, 0.06803802856624104, -0.7832705634770768, 0.0034184149947112112, 3.942656012169498, 0.6913903767887809], "camera1_camera4_ext_camera_csys": [[0.7071939591585671, 0.7070195852326636, -0.00010112894353372925, 0.0034184149947112112], [-0.6964126183488811, 0.6965596786547974, -0.17266753915192357, 3.942656012169498], [-0.12200888956992714, 0.1221798681033729, 0.9849801575139245, 0.6913903767887809]], "camera4_camera1_ext_camera_csys": [[0.7071939591585671, -0.696412618348881, -0.12200888956992717, 2.8276536863810935], [0.7070195852326636, 0.6965596786547974, 0.1221798681033729, -2.8331860762788987], [-0.00010112894353375834, -0.17266753915192357, 0.9849801575139246, -0.00023674518848453398]], "camera5_int": 917.0143664544973, "camera1_camera5": [918.1538309958277, 917.0143664544973, 0.25312137424595055, 0.6126771376040184, -2.29139463213433, 4.009564188940615, 6.933494192036859, 3.9923721037282465], "camera1_camera5_ext_camera_csys": [[-0.7079735877521623, 0.7062388921017433, 0.00016225977171327455, 4.009564188940615], [-0.612075408588937, -0.6134641638170251, -0.49902446223904123, 6.933494192036859], [-0.3523309427881933, -0.3533954541235365, 0.8665878834594928, 3.9923721037282465]], "camera5_camera1_ext_camera_csys": [[-0.7079735877521623, -0.6120754085889369, -0.35233094278819316, 8.489123061974713], [0.7062388921017432, -0.6134641638170251, -0.3533954541235361, 2.832626198867027], [0.00016225977171343992, -0.4990244622390408, 0.8665878834594916, -0.0004086717038404126]], "camera1_camera6_ext_camera_csys": [[0.9901958223379466, 0.1396852432843696, -0.0005159777749928138, -4.809626966609956], [-0.09923803000696824, 0.7008658639277968, -0.7063560392472618, 4.524882838038481], [-0.09830588397859957, 0.6994820037637349, 0.7078565388451651, 4.511417207257065]], "camera6_camera1_ext_camera_csys": [[0.9901958223379465, -0.09923803000696821, -0.09830588397859957, 5.655011844756058], [0.13968524328436957, 0.7008658639277967, 0.6994820037637347, -5.655157154462289], [-0.0005159777749928471, -0.7063560392472618, 0.707856538845165, 0.0002604892984878333]], "camera7_int": 917.6231813299102, "camera1_camera7": [918.7617840865977, 917.6231813299102, 0.49528741949837907, 0.20514883476798798, -0.7678056966777201, -3.985919826113437, 6.940983528493688, 3.990148098958558], "camera1_camera7_ext_camera_csys": [[0.7066081264051327, 0.7076050579694657, -0.00019399550806992183, -3.985919826113437], [-0.6132089022807907, 0.6122081108281666, -0.49917539122015536, 6.940983528493688], [-0.35310026601776406, 0.3528403477101741, 0.8665009470081079, 3.990148098958558]], "camera7_camera1_ext_camera_csys": [[0.7066081264051327, -0.6132089022807906, -0.353100266017764, 8.481678585780294], [0.7076050579694656, 0.6122081108281664, 0.352840347710174, -2.836754626301528], [-0.00019399550806993278, -0.4991753912201553, 0.8665009470081079, 0.006527811296506044]], "camera8_int": 917.5021434185857, "camera1_camera8": [917.7583431690431, 917.5021434185857, 0.6124208655489447, 0.6127023463682363, -1.4826722017350646, 0.0028188555112249204, 8.014921320436631, 7.99569669103287], "camera1_camera8_ext_camera_csys": [[-0.0001361944225528322, 0.9999999818031897, 0.00013358405430996534, 0.0028188555112249204], [-0.7083733428694423, -2.187803807729427e-06, -0.7058379467747432, 8.014921320436631], [-0.7058379336384882, -0.00019075857468242585, 0.7083733302772734, 7.99569669103287]], "camera8_camera1_ext_camera_csys": [[-0.00013619442255279456, -0.7083733428694422, -0.7058379336384883, 11.321223022904398], [0.9999999818031896, -2.187803807742449e-06, -0.00019075857468246613, -0.001276072680172393], [0.00013358405430994599, -0.7058379467747431, 0.7083733302772737, -0.006703061089973863]], "camera1_params_world_csys": [[648.964020535182, -0.0667572893389514, -649.4188395784835, 5201.428440841284], [649.3125564277866, -0.11938452380645657, 648.7334391970317, 1.4051987426965815], [-0.00011192460744227016, -1.0000140401406823, -4.1024150294415496e-05, 8.000713447639685]], "camera1_camera2_params_world_csys": [[-920.1433933876427, -1.4259376890073214, -0.5971474022272787, 14.602520980955887], [-0.005705519978846496, 461.0592554525603, -796.1958194406241, -492.2770001927514], [0.0018239419198685658, -0.8653877783475782, -0.5011295474511697, 8.938609289501361]], "camera1_camera3_params_world_csys": [[-916.7324593766257, 0.45452103276001643, -0.9113588689087351, 3664.818887337622], [1.2081624092780885, 458.53775686490485, -793.7127860777337, -491.4216927123553], [0.0002251070070881933, -0.8659014085637594, -0.5002442895174393, 8.929121536070618]], "camera1_camera4_params_world_csys": [[918.6921368507155, -0.038816596339711545, -0.5982670130902648, 3684.5025167766485], [0.3562129000937375, 158.57613252262678, 904.8133776999986, -1271.327734387793], [5.702964312825909e-05, -0.9850010041818991, 0.1726298072054111, 7.880751642476605]], "camera1_camera5_params_world_csys": [[-0.8787565361255361, -0.18581176629313367, 917.0288708513554, 0.15965250456383728], [-794.7108257811417, 457.7330123738152, -0.4621683303990949, -484.5082388357632], [-0.49917685304127574, -0.8665284638716819, -0.0005248066187463485, 8.928650690355234]], "camera1_camera6_params_world_csys": [[733.2164176961184, 0.39080768123647924, -552.369671274379, 731.9138642883681], [390.7066477539988, 648.2340404681693, 519.0889593362634, -1549.0223430400965], [0.4252154258123021, -0.7079503025173333, 0.5638767328290886, 9.618789899404108]], "camera1_camera7_params_world_csys": [[917.7256217896221, 0.046411170965325654, 0.16238855779880623, 16.189887912631093], [-0.38469362854004885, 458.0291999930208, 795.1529199467618, -483.23772049914896], [-0.00014676949346670298, -0.8665333233966411, 0.49914790224275574, 8.922452866108083]], "camera1_camera8_params_world_csys": [[648.9302689639504, -0.24188677036131598, 648.5281750349209, 4.2633804305551], [-459.4296583303729, 647.6641895165168, 459.84790640676505, -1510.502588122803], [-0.49923875367202863, -0.7083319177355257, 0.49921038893432407, 9.663520792620137]]}